(kicad_pcb (version 20171130) (host pcbnew 5.0.2-bee76a0~70~ubuntu18.04.1)

  (general
    (thickness 1.6)
    (drawings 0)
    (tracks 0)
    (zones 0)
    (modules 68)
    (nets 72)
  )

  (page A4)
  (layers
    (0 F.Cu signal)
    (31 B.Cu signal)
    (32 B.Adhes user)
    (33 F.Adhes user)
    (34 B.Paste user)
    (35 F.Paste user)
    (36 B.SilkS user)
    (37 F.SilkS user)
    (38 B.Mask user)
    (39 F.Mask user)
    (40 Dwgs.User user)
    (41 Cmts.User user)
    (42 Eco1.User user)
    (43 Eco2.User user)
    (44 Edge.Cuts user)
    (45 Margin user)
    (46 B.CrtYd user)
    (47 F.CrtYd user)
    (48 B.Fab user)
    (49 F.Fab user)
  )

  (setup
    (last_trace_width 0.25)
    (trace_clearance 0.2)
    (zone_clearance 0.508)
    (zone_45_only no)
    (trace_min 0.2)
    (segment_width 0.2)
    (edge_width 0.1)
    (via_size 0.8)
    (via_drill 0.4)
    (via_min_size 0.4)
    (via_min_drill 0.3)
    (uvia_size 0.3)
    (uvia_drill 0.1)
    (uvias_allowed no)
    (uvia_min_size 0.2)
    (uvia_min_drill 0.1)
    (pcb_text_width 0.3)
    (pcb_text_size 1.5 1.5)
    (mod_edge_width 0.15)
    (mod_text_size 1 1)
    (mod_text_width 0.15)
    (pad_size 1.5 1.5)
    (pad_drill 0.6)
    (pad_to_mask_clearance 0)
    (aux_axis_origin 0 0)
    (visible_elements FFFFF77F)
    (pcbplotparams
      (layerselection 0x010fc_ffffffff)
      (usegerberextensions false)
      (usegerberattributes false)
      (usegerberadvancedattributes false)
      (creategerberjobfile false)
      (excludeedgelayer true)
      (linewidth 0.100000)
      (plotframeref false)
      (viasonmask false)
      (mode 1)
      (useauxorigin false)
      (hpglpennumber 1)
      (hpglpenspeed 20)
      (hpglpendiameter 15.000000)
      (psnegative false)
      (psa4output false)
      (plotreference true)
      (plotvalue true)
      (plotinvisibletext false)
      (padsonsilk false)
      (subtractmaskfromsilk false)
      (outputformat 1)
      (mirror false)
      (drillshape 1)
      (scaleselection 1)
      (outputdirectory ""))
  )

  (net 0 "")
  (net 1 /A0)
  (net 2 /A1)
  (net 3 /A2)
  (net 4 /A3)
  (net 5 /A4)
  (net 6 /A5)
  (net 7 "Net-(C1-Pad1)")
  (net 8 GND)
  (net 9 /~RESET)
  (net 10 "Net-(C3-Pad2)")
  (net 11 "Net-(C4-Pad1)")
  (net 12 3.3V)
  (net 13 /AREF)
  (net 14 /VIN)
  (net 15 +5V)
  (net 16 "Net-(D1-PadC)")
  (net 17 "Net-(D1-PadA)")
  (net 18 /SDA)
  (net 19 /SCL)
  (net 20 /USBVCC)
  (net 21 "Net-(F1-Pad1)")
  (net 22 /USHIELD)
  (net 23 "Net-(FB1-Pad1)")
  (net 24 "Net-(IC1-Pad1)")
  (net 25 "Net-(IC1-Pad4)")
  (net 26 /ESP_CS)
  (net 27 /ESP_MISO)
  (net 28 /MISO)
  (net 29 /MOSI)
  (net 30 /SCK)
  (net 31 /D13)
  (net 32 /D12)
  (net 33 /D11)
  (net 34 /D10)
  (net 35 /D9)
  (net 36 /D8)
  (net 37 /D7)
  (net 38 /D6)
  (net 39 /D5)
  (net 40 /D4)
  (net 41 /D3)
  (net 42 /D2)
  (net 43 /D1)
  (net 44 /D0)
  (net 45 "Net-(JP1-Pad1)")
  (net 46 "Net-(L1-PadP$2)")
  (net 47 "Net-(L2-PadA)")
  (net 48 /NEOPIX)
  (net 49 "Net-(ON1-PadC)")
  (net 50 /USB_HOSTEN)
  (net 51 /FLASH_CS)
  (net 52 /RXLED)
  (net 53 /TXLED)
  (net 54 "Net-(R6-Pad2)")
  (net 55 "Net-(R6-Pad3)")
  (net 56 /SWCLK)
  (net 57 /ESP_RESET)
  (net 58 /FLASH_IO1)
  (net 59 /FLASH_IO3)
  (net 60 /FLASH_IO2)
  (net 61 /FLASH_SCK)
  (net 62 /FLASH_IO0)
  (net 63 /ESP_BUSY)
  (net 64 /ESP_TXD)
  (net 65 /ESP_RXD)
  (net 66 /D-)
  (net 67 /D+)
  (net 68 /ESP_RTS)
  (net 69 /SWDIO)
  (net 70 /SWO)
  (net 71 /ESP_GPIO0)

  (net_class Default "This is the default net class."
    (clearance 0.2)
    (trace_width 0.25)
    (via_dia 0.8)
    (via_drill 0.4)
    (uvia_dia 0.3)
    (uvia_drill 0.1)
    (add_net +5V)
    (add_net /A0)
    (add_net /A1)
    (add_net /A2)
    (add_net /A3)
    (add_net /A4)
    (add_net /A5)
    (add_net /AREF)
    (add_net /D+)
    (add_net /D-)
    (add_net /D0)
    (add_net /D1)
    (add_net /D10)
    (add_net /D11)
    (add_net /D12)
    (add_net /D13)
    (add_net /D2)
    (add_net /D3)
    (add_net /D4)
    (add_net /D5)
    (add_net /D6)
    (add_net /D7)
    (add_net /D8)
    (add_net /D9)
    (add_net /ESP_BUSY)
    (add_net /ESP_CS)
    (add_net /ESP_GPIO0)
    (add_net /ESP_MISO)
    (add_net /ESP_RESET)
    (add_net /ESP_RTS)
    (add_net /ESP_RXD)
    (add_net /ESP_TXD)
    (add_net /FLASH_CS)
    (add_net /FLASH_IO0)
    (add_net /FLASH_IO1)
    (add_net /FLASH_IO2)
    (add_net /FLASH_IO3)
    (add_net /FLASH_SCK)
    (add_net /MISO)
    (add_net /MOSI)
    (add_net /NEOPIX)
    (add_net /RXLED)
    (add_net /SCK)
    (add_net /SCL)
    (add_net /SDA)
    (add_net /SWCLK)
    (add_net /SWDIO)
    (add_net /SWO)
    (add_net /TXLED)
    (add_net /USBVCC)
    (add_net /USB_HOSTEN)
    (add_net /USHIELD)
    (add_net /VIN)
    (add_net /~RESET)
    (add_net 3.3V)
    (add_net GND)
    (add_net "Net-(C1-Pad1)")
    (add_net "Net-(C3-Pad2)")
    (add_net "Net-(C4-Pad1)")
    (add_net "Net-(D1-PadA)")
    (add_net "Net-(D1-PadC)")
    (add_net "Net-(F1-Pad1)")
    (add_net "Net-(FB1-Pad1)")
    (add_net "Net-(IC1-Pad1)")
    (add_net "Net-(IC1-Pad4)")
    (add_net "Net-(JP1-Pad1)")
    (add_net "Net-(L1-PadP$2)")
    (add_net "Net-(L2-PadA)")
    (add_net "Net-(ON1-PadC)")
    (add_net "Net-(R6-Pad2)")
    (add_net "Net-(R6-Pad3)")
  )

  (module qa:1X06_OVALWAVE (layer F.Cu) (tedit 0) (tstamp 5D5D731B)
    (at 95.458208 65.319224)
    (path /E058DD9D1C2172C4)
    (fp_text reference AD1 (at -7.6962 -1.8288) (layer F.SilkS) hide
      (effects (font (size 0.77216 0.77216) (thickness 0.146304)) (justify left bottom))
    )
    (fp_text value 20609 (at -7.62 3.175) (layer F.Fab) hide
      (effects (font (size 0.38608 0.38608) (thickness 0.04064)) (justify left bottom))
    )
    (fp_line (start -7.62 -0.635) (end -7.62 0.635) (layer F.Fab) (width 0.2032))
    (fp_poly (pts (xy 3.556 0.254) (xy 4.064 0.254) (xy 4.064 -0.254) (xy 3.556 -0.254)) (layer F.Fab) (width 0))
    (fp_poly (pts (xy 1.016 0.254) (xy 1.524 0.254) (xy 1.524 -0.254) (xy 1.016 -0.254)) (layer F.Fab) (width 0))
    (fp_poly (pts (xy -1.524 0.254) (xy -1.016 0.254) (xy -1.016 -0.254) (xy -1.524 -0.254)) (layer F.Fab) (width 0))
    (fp_poly (pts (xy -4.064 0.254) (xy -3.556 0.254) (xy -3.556 -0.254) (xy -4.064 -0.254)) (layer F.Fab) (width 0))
    (fp_poly (pts (xy -6.604 0.254) (xy -6.096 0.254) (xy -6.096 -0.254) (xy -6.604 -0.254)) (layer F.Fab) (width 0))
    (fp_poly (pts (xy 6.096 0.254) (xy 6.604 0.254) (xy 6.604 -0.254) (xy 6.096 -0.254)) (layer F.Fab) (width 0))
    (pad 1 thru_hole oval (at -6.35 0 90) (size 3 1.5) (drill 0.8) (layers *.Cu *.Mask)
      (net 1 /A0) (solder_mask_margin 0.0508))
    (pad 2 thru_hole oval (at -3.81 0 90) (size 3 1.5) (drill 0.8) (layers *.Cu *.Mask)
      (net 2 /A1) (solder_mask_margin 0.0508))
    (pad 3 thru_hole oval (at -1.27 0 90) (size 3 1.5) (drill 0.8) (layers *.Cu *.Mask)
      (net 3 /A2) (solder_mask_margin 0.0508))
    (pad 4 thru_hole oval (at 1.27 0 90) (size 3 1.5) (drill 0.8) (layers *.Cu *.Mask)
      (net 4 /A3) (solder_mask_margin 0.0508))
    (pad 5 thru_hole oval (at 3.81 0 90) (size 3 1.5) (drill 0.8) (layers *.Cu *.Mask)
      (net 5 /A4) (solder_mask_margin 0.0508))
    (pad 6 thru_hole oval (at 6.35 0 90) (size 3 1.5) (drill 0.8) (layers *.Cu *.Mask)
      (net 6 /A5) (solder_mask_margin 0.0508))
  )

  (module qa:0603-NO (layer F.Cu) (tedit 0) (tstamp 5D5D732B)
    (at 131.987161 92.593922)
    (path /222124DB2C2545C3)
    (fp_text reference C1 (at 1.778 0.127 -180) (layer F.SilkS)
      (effects (font (size 0.77216 0.77216) (thickness 0.138988)) (justify right top))
    )
    (fp_text value 22pF (at 1.778 0.762 -180) (layer F.Fab)
      (effects (font (size 0.77216 0.77216) (thickness 0.077216)) (justify right top))
    )
    (fp_line (start -1.473 -0.729) (end 1.473 -0.729) (layer Dwgs.User) (width 0.0508))
    (fp_line (start 1.473 -0.729) (end 1.473 0.729) (layer Dwgs.User) (width 0.0508))
    (fp_line (start 1.473 0.729) (end -1.473 0.729) (layer Dwgs.User) (width 0.0508))
    (fp_line (start -1.473 0.729) (end -1.473 -0.729) (layer Dwgs.User) (width 0.0508))
    (fp_line (start -0.356 -0.432) (end 0.356 -0.432) (layer F.Fab) (width 0.1016))
    (fp_line (start -0.356 0.419) (end 0.356 0.419) (layer F.Fab) (width 0.1016))
    (fp_poly (pts (xy -0.8382 0.4699) (xy -0.3381 0.4699) (xy -0.3381 -0.4801) (xy -0.8382 -0.4801)) (layer F.Fab) (width 0))
    (fp_poly (pts (xy 0.3302 0.4699) (xy 0.8303 0.4699) (xy 0.8303 -0.4801) (xy 0.3302 -0.4801)) (layer F.Fab) (width 0))
    (fp_poly (pts (xy -0.1999 0.3) (xy 0.1999 0.3) (xy 0.1999 -0.3) (xy -0.1999 -0.3)) (layer F.Adhes) (width 0))
    (fp_line (start 0 -0.4) (end 0 0.4) (layer F.SilkS) (width 0.3048))
    (pad 1 smd rect (at -0.85 0) (size 1.075 1) (layers F.Cu F.Paste F.Mask)
      (net 7 "Net-(C1-Pad1)") (solder_mask_margin 0.0508))
    (pad 2 smd rect (at 0.85 0) (size 1.075 1) (layers F.Cu F.Paste F.Mask)
      (net 8 GND) (solder_mask_margin 0.0508))
  )

  (module qa:0603-NO (layer F.Cu) (tedit 0) (tstamp 5D5D733B)
    (at 181.106833 51.681875)
    (path /7EAD0294E877986F)
    (fp_text reference C2 (at 1.778 0.127 -180) (layer F.SilkS)
      (effects (font (size 0.77216 0.77216) (thickness 0.138988)) (justify right top))
    )
    (fp_text value 0.1uF (at 1.778 0.762 -180) (layer F.Fab)
      (effects (font (size 0.77216 0.77216) (thickness 0.077216)) (justify right top))
    )
    (fp_line (start -1.473 -0.729) (end 1.473 -0.729) (layer Dwgs.User) (width 0.0508))
    (fp_line (start 1.473 -0.729) (end 1.473 0.729) (layer Dwgs.User) (width 0.0508))
    (fp_line (start 1.473 0.729) (end -1.473 0.729) (layer Dwgs.User) (width 0.0508))
    (fp_line (start -1.473 0.729) (end -1.473 -0.729) (layer Dwgs.User) (width 0.0508))
    (fp_line (start -0.356 -0.432) (end 0.356 -0.432) (layer F.Fab) (width 0.1016))
    (fp_line (start -0.356 0.419) (end 0.356 0.419) (layer F.Fab) (width 0.1016))
    (fp_poly (pts (xy -0.8382 0.4699) (xy -0.3381 0.4699) (xy -0.3381 -0.4801) (xy -0.8382 -0.4801)) (layer F.Fab) (width 0))
    (fp_poly (pts (xy 0.3302 0.4699) (xy 0.8303 0.4699) (xy 0.8303 -0.4801) (xy 0.3302 -0.4801)) (layer F.Fab) (width 0))
    (fp_poly (pts (xy -0.1999 0.3) (xy 0.1999 0.3) (xy 0.1999 -0.3) (xy -0.1999 -0.3)) (layer F.Adhes) (width 0))
    (fp_line (start 0 -0.4) (end 0 0.4) (layer F.SilkS) (width 0.3048))
    (pad 1 smd rect (at -0.85 0) (size 1.075 1) (layers F.Cu F.Paste F.Mask)
      (net 8 GND) (solder_mask_margin 0.0508))
    (pad 2 smd rect (at 0.85 0) (size 1.075 1) (layers F.Cu F.Paste F.Mask)
      (net 9 /~RESET) (solder_mask_margin 0.0508))
  )

  (module qa:0603-NO (layer F.Cu) (tedit 0) (tstamp 5D5D734B)
    (at 146.313732 76.477055)
    (path /92973E8713FBD7FC)
    (fp_text reference C3 (at 1.778 0.127 -180) (layer F.SilkS)
      (effects (font (size 0.77216 0.77216) (thickness 0.138988)) (justify right top))
    )
    (fp_text value .1u (at 1.778 0.762 -180) (layer F.Fab)
      (effects (font (size 0.77216 0.77216) (thickness 0.077216)) (justify right top))
    )
    (fp_line (start -1.473 -0.729) (end 1.473 -0.729) (layer Dwgs.User) (width 0.0508))
    (fp_line (start 1.473 -0.729) (end 1.473 0.729) (layer Dwgs.User) (width 0.0508))
    (fp_line (start 1.473 0.729) (end -1.473 0.729) (layer Dwgs.User) (width 0.0508))
    (fp_line (start -1.473 0.729) (end -1.473 -0.729) (layer Dwgs.User) (width 0.0508))
    (fp_line (start -0.356 -0.432) (end 0.356 -0.432) (layer F.Fab) (width 0.1016))
    (fp_line (start -0.356 0.419) (end 0.356 0.419) (layer F.Fab) (width 0.1016))
    (fp_poly (pts (xy -0.8382 0.4699) (xy -0.3381 0.4699) (xy -0.3381 -0.4801) (xy -0.8382 -0.4801)) (layer F.Fab) (width 0))
    (fp_poly (pts (xy 0.3302 0.4699) (xy 0.8303 0.4699) (xy 0.8303 -0.4801) (xy 0.3302 -0.4801)) (layer F.Fab) (width 0))
    (fp_poly (pts (xy -0.1999 0.3) (xy 0.1999 0.3) (xy 0.1999 -0.3) (xy -0.1999 -0.3)) (layer F.Adhes) (width 0))
    (fp_line (start 0 -0.4) (end 0 0.4) (layer F.SilkS) (width 0.3048))
    (pad 1 smd rect (at -0.85 0) (size 1.075 1) (layers F.Cu F.Paste F.Mask)
      (net 8 GND) (solder_mask_margin 0.0508))
    (pad 2 smd rect (at 0.85 0) (size 1.075 1) (layers F.Cu F.Paste F.Mask)
      (net 10 "Net-(C3-Pad2)") (solder_mask_margin 0.0508))
  )

  (module qa:0603-NO (layer F.Cu) (tedit 0) (tstamp 5D5D735B)
    (at 177.013527 57.88067)
    (path /128FB04B6CD517BA)
    (fp_text reference C4 (at 1.778 0.127 -180) (layer F.SilkS)
      (effects (font (size 0.77216 0.77216) (thickness 0.138988)) (justify right top))
    )
    (fp_text value 22pF (at 1.778 0.762 -180) (layer F.Fab)
      (effects (font (size 0.77216 0.77216) (thickness 0.077216)) (justify right top))
    )
    (fp_line (start 0 -0.4) (end 0 0.4) (layer F.SilkS) (width 0.3048))
    (fp_poly (pts (xy -0.1999 0.3) (xy 0.1999 0.3) (xy 0.1999 -0.3) (xy -0.1999 -0.3)) (layer F.Adhes) (width 0))
    (fp_poly (pts (xy 0.3302 0.4699) (xy 0.8303 0.4699) (xy 0.8303 -0.4801) (xy 0.3302 -0.4801)) (layer F.Fab) (width 0))
    (fp_poly (pts (xy -0.8382 0.4699) (xy -0.3381 0.4699) (xy -0.3381 -0.4801) (xy -0.8382 -0.4801)) (layer F.Fab) (width 0))
    (fp_line (start -0.356 0.419) (end 0.356 0.419) (layer F.Fab) (width 0.1016))
    (fp_line (start -0.356 -0.432) (end 0.356 -0.432) (layer F.Fab) (width 0.1016))
    (fp_line (start -1.473 0.729) (end -1.473 -0.729) (layer Dwgs.User) (width 0.0508))
    (fp_line (start 1.473 0.729) (end -1.473 0.729) (layer Dwgs.User) (width 0.0508))
    (fp_line (start 1.473 -0.729) (end 1.473 0.729) (layer Dwgs.User) (width 0.0508))
    (fp_line (start -1.473 -0.729) (end 1.473 -0.729) (layer Dwgs.User) (width 0.0508))
    (pad 2 smd rect (at 0.85 0) (size 1.075 1) (layers F.Cu F.Paste F.Mask)
      (net 8 GND) (solder_mask_margin 0.0508))
    (pad 1 smd rect (at -0.85 0) (size 1.075 1) (layers F.Cu F.Paste F.Mask)
      (net 11 "Net-(C4-Pad1)") (solder_mask_margin 0.0508))
  )

  (module qa:0603-NO (layer F.Cu) (tedit 0) (tstamp 5D5D736B)
    (at 142.220426 90.114404)
    (path /297F4745BC6570F8)
    (fp_text reference C5 (at 1.778 0.127 -180) (layer F.SilkS)
      (effects (font (size 0.77216 0.77216) (thickness 0.138988)) (justify right top))
    )
    (fp_text value 1uF (at 1.778 0.762 -180) (layer F.Fab)
      (effects (font (size 0.77216 0.77216) (thickness 0.077216)) (justify right top))
    )
    (fp_line (start -1.473 -0.729) (end 1.473 -0.729) (layer Dwgs.User) (width 0.0508))
    (fp_line (start 1.473 -0.729) (end 1.473 0.729) (layer Dwgs.User) (width 0.0508))
    (fp_line (start 1.473 0.729) (end -1.473 0.729) (layer Dwgs.User) (width 0.0508))
    (fp_line (start -1.473 0.729) (end -1.473 -0.729) (layer Dwgs.User) (width 0.0508))
    (fp_line (start -0.356 -0.432) (end 0.356 -0.432) (layer F.Fab) (width 0.1016))
    (fp_line (start -0.356 0.419) (end 0.356 0.419) (layer F.Fab) (width 0.1016))
    (fp_poly (pts (xy -0.8382 0.4699) (xy -0.3381 0.4699) (xy -0.3381 -0.4801) (xy -0.8382 -0.4801)) (layer F.Fab) (width 0))
    (fp_poly (pts (xy 0.3302 0.4699) (xy 0.8303 0.4699) (xy 0.8303 -0.4801) (xy 0.3302 -0.4801)) (layer F.Fab) (width 0))
    (fp_poly (pts (xy -0.1999 0.3) (xy 0.1999 0.3) (xy 0.1999 -0.3) (xy -0.1999 -0.3)) (layer F.Adhes) (width 0))
    (fp_line (start 0 -0.4) (end 0 0.4) (layer F.SilkS) (width 0.3048))
    (pad 1 smd rect (at -0.85 0) (size 1.075 1) (layers F.Cu F.Paste F.Mask)
      (net 10 "Net-(C3-Pad2)") (solder_mask_margin 0.0508))
    (pad 2 smd rect (at 0.85 0) (size 1.075 1) (layers F.Cu F.Paste F.Mask)
      (net 8 GND) (solder_mask_margin 0.0508))
  )

  (module qa:0805-NO (layer F.Cu) (tedit 0) (tstamp 5D5D7376)
    (at 134.033814 75.237296)
    (path /23009AF2D1512118)
    (fp_text reference C6 (at 2.032 0.127) (layer F.SilkS)
      (effects (font (size 0.77216 0.77216) (thickness 0.138988)) (justify left bottom))
    )
    (fp_text value 10uF (at 2.032 0.762) (layer F.Fab)
      (effects (font (size 0.77216 0.77216) (thickness 0.077216)) (justify left bottom))
    )
    (fp_line (start -0.381 -0.66) (end 0.381 -0.66) (layer F.Fab) (width 0.1016))
    (fp_line (start -0.356 0.66) (end 0.381 0.66) (layer F.Fab) (width 0.1016))
    (fp_poly (pts (xy -1.0922 0.7239) (xy -0.3421 0.7239) (xy -0.3421 -0.7262) (xy -1.0922 -0.7262)) (layer F.Fab) (width 0))
    (fp_poly (pts (xy 0.3556 0.7239) (xy 1.1057 0.7239) (xy 1.1057 -0.7262) (xy 0.3556 -0.7262)) (layer F.Fab) (width 0))
    (fp_line (start 0 -0.508) (end 0 0.508) (layer F.SilkS) (width 0.3048))
    (pad 1 smd rect (at -0.95 0) (size 1.24 1.5) (layers F.Cu F.Paste F.Mask)
      (net 10 "Net-(C3-Pad2)") (solder_mask_margin 0.0508))
    (pad 2 smd rect (at 0.95 0) (size 1.24 1.5) (layers F.Cu F.Paste F.Mask)
      (net 8 GND) (solder_mask_margin 0.0508))
  )

  (module qa:0603-NO (layer F.Cu) (tedit 0) (tstamp 5D5D7386)
    (at 160.640303 73.997537)
    (path /A5DAE16693E026DF)
    (fp_text reference C7 (at 1.778 0.127 -180) (layer F.SilkS)
      (effects (font (size 0.77216 0.77216) (thickness 0.138988)) (justify right top))
    )
    (fp_text value .1u (at 1.778 0.762 -180) (layer F.Fab)
      (effects (font (size 0.77216 0.77216) (thickness 0.077216)) (justify right top))
    )
    (fp_line (start 0 -0.4) (end 0 0.4) (layer F.SilkS) (width 0.3048))
    (fp_poly (pts (xy -0.1999 0.3) (xy 0.1999 0.3) (xy 0.1999 -0.3) (xy -0.1999 -0.3)) (layer F.Adhes) (width 0))
    (fp_poly (pts (xy 0.3302 0.4699) (xy 0.8303 0.4699) (xy 0.8303 -0.4801) (xy 0.3302 -0.4801)) (layer F.Fab) (width 0))
    (fp_poly (pts (xy -0.8382 0.4699) (xy -0.3381 0.4699) (xy -0.3381 -0.4801) (xy -0.8382 -0.4801)) (layer F.Fab) (width 0))
    (fp_line (start -0.356 0.419) (end 0.356 0.419) (layer F.Fab) (width 0.1016))
    (fp_line (start -0.356 -0.432) (end 0.356 -0.432) (layer F.Fab) (width 0.1016))
    (fp_line (start -1.473 0.729) (end -1.473 -0.729) (layer Dwgs.User) (width 0.0508))
    (fp_line (start 1.473 0.729) (end -1.473 0.729) (layer Dwgs.User) (width 0.0508))
    (fp_line (start 1.473 -0.729) (end 1.473 0.729) (layer Dwgs.User) (width 0.0508))
    (fp_line (start -1.473 -0.729) (end 1.473 -0.729) (layer Dwgs.User) (width 0.0508))
    (pad 2 smd rect (at 0.85 0) (size 1.075 1) (layers F.Cu F.Paste F.Mask)
      (net 12 3.3V) (solder_mask_margin 0.0508))
    (pad 1 smd rect (at -0.85 0) (size 1.075 1) (layers F.Cu F.Paste F.Mask)
      (net 8 GND) (solder_mask_margin 0.0508))
  )

  (module qa:0603-NO (layer F.Cu) (tedit 0) (tstamp 5D5D7396)
    (at 183.153486 46.722839)
    (path /A8FD01F5CE7F0127)
    (fp_text reference C8 (at 1.778 0.127 -180) (layer F.SilkS)
      (effects (font (size 0.77216 0.77216) (thickness 0.138988)) (justify right top))
    )
    (fp_text value .1u (at 1.778 0.762 -180) (layer F.Fab)
      (effects (font (size 0.77216 0.77216) (thickness 0.077216)) (justify right top))
    )
    (fp_line (start 0 -0.4) (end 0 0.4) (layer F.SilkS) (width 0.3048))
    (fp_poly (pts (xy -0.1999 0.3) (xy 0.1999 0.3) (xy 0.1999 -0.3) (xy -0.1999 -0.3)) (layer F.Adhes) (width 0))
    (fp_poly (pts (xy 0.3302 0.4699) (xy 0.8303 0.4699) (xy 0.8303 -0.4801) (xy 0.3302 -0.4801)) (layer F.Fab) (width 0))
    (fp_poly (pts (xy -0.8382 0.4699) (xy -0.3381 0.4699) (xy -0.3381 -0.4801) (xy -0.8382 -0.4801)) (layer F.Fab) (width 0))
    (fp_line (start -0.356 0.419) (end 0.356 0.419) (layer F.Fab) (width 0.1016))
    (fp_line (start -0.356 -0.432) (end 0.356 -0.432) (layer F.Fab) (width 0.1016))
    (fp_line (start -1.473 0.729) (end -1.473 -0.729) (layer Dwgs.User) (width 0.0508))
    (fp_line (start 1.473 0.729) (end -1.473 0.729) (layer Dwgs.User) (width 0.0508))
    (fp_line (start 1.473 -0.729) (end 1.473 0.729) (layer Dwgs.User) (width 0.0508))
    (fp_line (start -1.473 -0.729) (end 1.473 -0.729) (layer Dwgs.User) (width 0.0508))
    (pad 2 smd rect (at 0.85 0) (size 1.075 1) (layers F.Cu F.Paste F.Mask)
      (net 12 3.3V) (solder_mask_margin 0.0508))
    (pad 1 smd rect (at -0.85 0) (size 1.075 1) (layers F.Cu F.Paste F.Mask)
      (net 8 GND) (solder_mask_margin 0.0508))
  )

  (module qa:0603-NO (layer F.Cu) (tedit 0) (tstamp 5D5D73A6)
    (at 162.686956 67.798742)
    (path /B19285452881DEB4)
    (fp_text reference C9 (at 1.778 0.127 -180) (layer F.SilkS)
      (effects (font (size 0.77216 0.77216) (thickness 0.138988)) (justify right top))
    )
    (fp_text value .1u (at 1.778 0.762 -180) (layer F.Fab)
      (effects (font (size 0.77216 0.77216) (thickness 0.077216)) (justify right top))
    )
    (fp_line (start -1.473 -0.729) (end 1.473 -0.729) (layer Dwgs.User) (width 0.0508))
    (fp_line (start 1.473 -0.729) (end 1.473 0.729) (layer Dwgs.User) (width 0.0508))
    (fp_line (start 1.473 0.729) (end -1.473 0.729) (layer Dwgs.User) (width 0.0508))
    (fp_line (start -1.473 0.729) (end -1.473 -0.729) (layer Dwgs.User) (width 0.0508))
    (fp_line (start -0.356 -0.432) (end 0.356 -0.432) (layer F.Fab) (width 0.1016))
    (fp_line (start -0.356 0.419) (end 0.356 0.419) (layer F.Fab) (width 0.1016))
    (fp_poly (pts (xy -0.8382 0.4699) (xy -0.3381 0.4699) (xy -0.3381 -0.4801) (xy -0.8382 -0.4801)) (layer F.Fab) (width 0))
    (fp_poly (pts (xy 0.3302 0.4699) (xy 0.8303 0.4699) (xy 0.8303 -0.4801) (xy 0.3302 -0.4801)) (layer F.Fab) (width 0))
    (fp_poly (pts (xy -0.1999 0.3) (xy 0.1999 0.3) (xy 0.1999 -0.3) (xy -0.1999 -0.3)) (layer F.Adhes) (width 0))
    (fp_line (start 0 -0.4) (end 0 0.4) (layer F.SilkS) (width 0.3048))
    (pad 1 smd rect (at -0.85 0) (size 1.075 1) (layers F.Cu F.Paste F.Mask)
      (net 8 GND) (solder_mask_margin 0.0508))
    (pad 2 smd rect (at 0.85 0) (size 1.075 1) (layers F.Cu F.Paste F.Mask)
      (net 12 3.3V) (solder_mask_margin 0.0508))
  )

  (module qa:0603-NO (layer F.Cu) (tedit 0) (tstamp 5D5D73B6)
    (at 174.966874 59.120429)
    (path /458053F60FC9A912)
    (fp_text reference C10 (at 1.778 0.127 -180) (layer F.SilkS)
      (effects (font (size 0.77216 0.77216) (thickness 0.138988)) (justify right top))
    )
    (fp_text value .1u (at 1.778 0.762 -180) (layer F.Fab)
      (effects (font (size 0.77216 0.77216) (thickness 0.077216)) (justify right top))
    )
    (fp_line (start 0 -0.4) (end 0 0.4) (layer F.SilkS) (width 0.3048))
    (fp_poly (pts (xy -0.1999 0.3) (xy 0.1999 0.3) (xy 0.1999 -0.3) (xy -0.1999 -0.3)) (layer F.Adhes) (width 0))
    (fp_poly (pts (xy 0.3302 0.4699) (xy 0.8303 0.4699) (xy 0.8303 -0.4801) (xy 0.3302 -0.4801)) (layer F.Fab) (width 0))
    (fp_poly (pts (xy -0.8382 0.4699) (xy -0.3381 0.4699) (xy -0.3381 -0.4801) (xy -0.8382 -0.4801)) (layer F.Fab) (width 0))
    (fp_line (start -0.356 0.419) (end 0.356 0.419) (layer F.Fab) (width 0.1016))
    (fp_line (start -0.356 -0.432) (end 0.356 -0.432) (layer F.Fab) (width 0.1016))
    (fp_line (start -1.473 0.729) (end -1.473 -0.729) (layer Dwgs.User) (width 0.0508))
    (fp_line (start 1.473 0.729) (end -1.473 0.729) (layer Dwgs.User) (width 0.0508))
    (fp_line (start 1.473 -0.729) (end 1.473 0.729) (layer Dwgs.User) (width 0.0508))
    (fp_line (start -1.473 -0.729) (end 1.473 -0.729) (layer Dwgs.User) (width 0.0508))
    (pad 2 smd rect (at 0.85 0) (size 1.075 1) (layers F.Cu F.Paste F.Mask)
      (net 12 3.3V) (solder_mask_margin 0.0508))
    (pad 1 smd rect (at -0.85 0) (size 1.075 1) (layers F.Cu F.Paste F.Mask)
      (net 8 GND) (solder_mask_margin 0.0508))
  )

  (module qa:0603-NO (layer F.Cu) (tedit 0) (tstamp 5D5D73C6)
    (at 150.2029 105.4354)
    (path /60A82EA8EC08C954)
    (fp_text reference C11 (at 1.778 0.127 -180) (layer F.SilkS)
      (effects (font (size 0.77216 0.77216) (thickness 0.138988)) (justify right top))
    )
    (fp_text value .1u (at 1.778 0.762 -180) (layer F.Fab)
      (effects (font (size 0.77216 0.77216) (thickness 0.077216)) (justify right top))
    )
    (fp_line (start -1.473 -0.729) (end 1.473 -0.729) (layer Dwgs.User) (width 0.0508))
    (fp_line (start 1.473 -0.729) (end 1.473 0.729) (layer Dwgs.User) (width 0.0508))
    (fp_line (start 1.473 0.729) (end -1.473 0.729) (layer Dwgs.User) (width 0.0508))
    (fp_line (start -1.473 0.729) (end -1.473 -0.729) (layer Dwgs.User) (width 0.0508))
    (fp_line (start -0.356 -0.432) (end 0.356 -0.432) (layer F.Fab) (width 0.1016))
    (fp_line (start -0.356 0.419) (end 0.356 0.419) (layer F.Fab) (width 0.1016))
    (fp_poly (pts (xy -0.8382 0.4699) (xy -0.3381 0.4699) (xy -0.3381 -0.4801) (xy -0.8382 -0.4801)) (layer F.Fab) (width 0))
    (fp_poly (pts (xy 0.3302 0.4699) (xy 0.8303 0.4699) (xy 0.8303 -0.4801) (xy 0.3302 -0.4801)) (layer F.Fab) (width 0))
    (fp_poly (pts (xy -0.1999 0.3) (xy 0.1999 0.3) (xy 0.1999 -0.3) (xy -0.1999 -0.3)) (layer F.Adhes) (width 0))
    (fp_line (start 0 -0.4) (end 0 0.4) (layer F.SilkS) (width 0.3048))
    (pad 1 smd rect (at -0.85 0) (size 1.075 1) (layers F.Cu F.Paste F.Mask)
      (net 8 GND) (solder_mask_margin 0.0508))
    (pad 2 smd rect (at 0.85 0) (size 1.075 1) (layers F.Cu F.Paste F.Mask)
      (net 12 3.3V) (solder_mask_margin 0.0508))
  )

  (module qa:0603-NO (layer F.Cu) (tedit 0) (tstamp 5D5D73D6)
    (at 129.940508 95.07344)
    (path /D5C4E5AE59A9410B)
    (fp_text reference C12 (at 1.778 0.127 -180) (layer F.SilkS)
      (effects (font (size 0.77216 0.77216) (thickness 0.138988)) (justify right top))
    )
    (fp_text value .1u (at 1.778 0.762 -180) (layer F.Fab)
      (effects (font (size 0.77216 0.77216) (thickness 0.077216)) (justify right top))
    )
    (fp_line (start -1.473 -0.729) (end 1.473 -0.729) (layer Dwgs.User) (width 0.0508))
    (fp_line (start 1.473 -0.729) (end 1.473 0.729) (layer Dwgs.User) (width 0.0508))
    (fp_line (start 1.473 0.729) (end -1.473 0.729) (layer Dwgs.User) (width 0.0508))
    (fp_line (start -1.473 0.729) (end -1.473 -0.729) (layer Dwgs.User) (width 0.0508))
    (fp_line (start -0.356 -0.432) (end 0.356 -0.432) (layer F.Fab) (width 0.1016))
    (fp_line (start -0.356 0.419) (end 0.356 0.419) (layer F.Fab) (width 0.1016))
    (fp_poly (pts (xy -0.8382 0.4699) (xy -0.3381 0.4699) (xy -0.3381 -0.4801) (xy -0.8382 -0.4801)) (layer F.Fab) (width 0))
    (fp_poly (pts (xy 0.3302 0.4699) (xy 0.8303 0.4699) (xy 0.8303 -0.4801) (xy 0.3302 -0.4801)) (layer F.Fab) (width 0))
    (fp_poly (pts (xy -0.1999 0.3) (xy 0.1999 0.3) (xy 0.1999 -0.3) (xy -0.1999 -0.3)) (layer F.Adhes) (width 0))
    (fp_line (start 0 -0.4) (end 0 0.4) (layer F.SilkS) (width 0.3048))
    (pad 1 smd rect (at -0.85 0) (size 1.075 1) (layers F.Cu F.Paste F.Mask)
      (net 13 /AREF) (solder_mask_margin 0.0508))
    (pad 2 smd rect (at 0.85 0) (size 1.075 1) (layers F.Cu F.Paste F.Mask)
      (net 8 GND) (solder_mask_margin 0.0508))
  )

  (module qa:0603-NO (layer F.Cu) (tedit 0) (tstamp 5D5D73E6)
    (at 113.567284 102.511994)
    (path /B5CD8EA682602F87)
    (fp_text reference C13 (at 1.778 0.127 -180) (layer F.SilkS)
      (effects (font (size 0.77216 0.77216) (thickness 0.138988)) (justify right top))
    )
    (fp_text value 0.1uF (at 1.778 0.762 -180) (layer F.Fab)
      (effects (font (size 0.77216 0.77216) (thickness 0.077216)) (justify right top))
    )
    (fp_line (start 0 -0.4) (end 0 0.4) (layer F.SilkS) (width 0.3048))
    (fp_poly (pts (xy -0.1999 0.3) (xy 0.1999 0.3) (xy 0.1999 -0.3) (xy -0.1999 -0.3)) (layer F.Adhes) (width 0))
    (fp_poly (pts (xy 0.3302 0.4699) (xy 0.8303 0.4699) (xy 0.8303 -0.4801) (xy 0.3302 -0.4801)) (layer F.Fab) (width 0))
    (fp_poly (pts (xy -0.8382 0.4699) (xy -0.3381 0.4699) (xy -0.3381 -0.4801) (xy -0.8382 -0.4801)) (layer F.Fab) (width 0))
    (fp_line (start -0.356 0.419) (end 0.356 0.419) (layer F.Fab) (width 0.1016))
    (fp_line (start -0.356 -0.432) (end 0.356 -0.432) (layer F.Fab) (width 0.1016))
    (fp_line (start -1.473 0.729) (end -1.473 -0.729) (layer Dwgs.User) (width 0.0508))
    (fp_line (start 1.473 0.729) (end -1.473 0.729) (layer Dwgs.User) (width 0.0508))
    (fp_line (start 1.473 -0.729) (end 1.473 0.729) (layer Dwgs.User) (width 0.0508))
    (fp_line (start -1.473 -0.729) (end 1.473 -0.729) (layer Dwgs.User) (width 0.0508))
    (pad 2 smd rect (at 0.85 0) (size 1.075 1) (layers F.Cu F.Paste F.Mask)
      (net 8 GND) (solder_mask_margin 0.0508))
    (pad 1 smd rect (at -0.85 0) (size 1.075 1) (layers F.Cu F.Paste F.Mask)
      (net 14 /VIN) (solder_mask_margin 0.0508))
  )

  (module qa:0805-NO (layer F.Cu) (tedit 0) (tstamp 5D5D73F1)
    (at 80.820836 93.833681)
    (path /4ED27554B94C3227)
    (fp_text reference C14 (at 2.032 0.127) (layer F.SilkS)
      (effects (font (size 0.77216 0.77216) (thickness 0.138988)) (justify left bottom))
    )
    (fp_text value 0.1uF (at 2.032 0.762) (layer F.Fab)
      (effects (font (size 0.77216 0.77216) (thickness 0.077216)) (justify left bottom))
    )
    (fp_line (start 0 -0.508) (end 0 0.508) (layer F.SilkS) (width 0.3048))
    (fp_poly (pts (xy 0.3556 0.7239) (xy 1.1057 0.7239) (xy 1.1057 -0.7262) (xy 0.3556 -0.7262)) (layer F.Fab) (width 0))
    (fp_poly (pts (xy -1.0922 0.7239) (xy -0.3421 0.7239) (xy -0.3421 -0.7262) (xy -1.0922 -0.7262)) (layer F.Fab) (width 0))
    (fp_line (start -0.356 0.66) (end 0.381 0.66) (layer F.Fab) (width 0.1016))
    (fp_line (start -0.381 -0.66) (end 0.381 -0.66) (layer F.Fab) (width 0.1016))
    (pad 2 smd rect (at 0.95 0) (size 1.24 1.5) (layers F.Cu F.Paste F.Mask)
      (net 15 +5V) (solder_mask_margin 0.0508))
    (pad 1 smd rect (at -0.95 0) (size 1.24 1.5) (layers F.Cu F.Paste F.Mask)
      (net 8 GND) (solder_mask_margin 0.0508))
  )

  (module qa:0805-NO (layer F.Cu) (tedit 0) (tstamp 5D5D73FC)
    (at 82.867489 87.634886)
    (path /BCDE55D9FA3B87C3)
    (fp_text reference C15 (at 2.032 0.127) (layer F.SilkS)
      (effects (font (size 0.77216 0.77216) (thickness 0.138988)) (justify left bottom))
    )
    (fp_text value 10uF (at 2.032 0.762) (layer F.Fab)
      (effects (font (size 0.77216 0.77216) (thickness 0.077216)) (justify left bottom))
    )
    (fp_line (start -0.381 -0.66) (end 0.381 -0.66) (layer F.Fab) (width 0.1016))
    (fp_line (start -0.356 0.66) (end 0.381 0.66) (layer F.Fab) (width 0.1016))
    (fp_poly (pts (xy -1.0922 0.7239) (xy -0.3421 0.7239) (xy -0.3421 -0.7262) (xy -1.0922 -0.7262)) (layer F.Fab) (width 0))
    (fp_poly (pts (xy 0.3556 0.7239) (xy 1.1057 0.7239) (xy 1.1057 -0.7262) (xy 0.3556 -0.7262)) (layer F.Fab) (width 0))
    (fp_line (start 0 -0.508) (end 0 0.508) (layer F.SilkS) (width 0.3048))
    (pad 1 smd rect (at -0.95 0) (size 1.24 1.5) (layers F.Cu F.Paste F.Mask)
      (net 8 GND) (solder_mask_margin 0.0508))
    (pad 2 smd rect (at 0.95 0) (size 1.24 1.5) (layers F.Cu F.Paste F.Mask)
      (net 12 3.3V) (solder_mask_margin 0.0508))
  )

  (module qa:0603-NO (layer F.Cu) (tedit 0) (tstamp 5D5D740C)
    (at 138.12712 80.196332)
    (path /B9BFB00B4ABE3390)
    (fp_text reference C16 (at 1.778 0.127 -180) (layer F.SilkS)
      (effects (font (size 0.77216 0.77216) (thickness 0.138988)) (justify right top))
    )
    (fp_text value 0.1uF (at 1.778 0.762 -180) (layer F.Fab)
      (effects (font (size 0.77216 0.77216) (thickness 0.077216)) (justify right top))
    )
    (fp_line (start 0 -0.4) (end 0 0.4) (layer F.SilkS) (width 0.3048))
    (fp_poly (pts (xy -0.1999 0.3) (xy 0.1999 0.3) (xy 0.1999 -0.3) (xy -0.1999 -0.3)) (layer F.Adhes) (width 0))
    (fp_poly (pts (xy 0.3302 0.4699) (xy 0.8303 0.4699) (xy 0.8303 -0.4801) (xy 0.3302 -0.4801)) (layer F.Fab) (width 0))
    (fp_poly (pts (xy -0.8382 0.4699) (xy -0.3381 0.4699) (xy -0.3381 -0.4801) (xy -0.8382 -0.4801)) (layer F.Fab) (width 0))
    (fp_line (start -0.356 0.419) (end 0.356 0.419) (layer F.Fab) (width 0.1016))
    (fp_line (start -0.356 -0.432) (end 0.356 -0.432) (layer F.Fab) (width 0.1016))
    (fp_line (start -1.473 0.729) (end -1.473 -0.729) (layer Dwgs.User) (width 0.0508))
    (fp_line (start 1.473 0.729) (end -1.473 0.729) (layer Dwgs.User) (width 0.0508))
    (fp_line (start 1.473 -0.729) (end 1.473 0.729) (layer Dwgs.User) (width 0.0508))
    (fp_line (start -1.473 -0.729) (end 1.473 -0.729) (layer Dwgs.User) (width 0.0508))
    (pad 2 smd rect (at 0.85 0) (size 1.075 1) (layers F.Cu F.Paste F.Mask)
      (net 8 GND) (solder_mask_margin 0.0508))
    (pad 1 smd rect (at -0.85 0) (size 1.075 1) (layers F.Cu F.Paste F.Mask)
      (net 12 3.3V) (solder_mask_margin 0.0508))
  )

  (module qa:0603-NO (layer F.Cu) (tedit 0) (tstamp 5D5D741C)
    (at 148.360385 86.395127)
    (path /6C218D058F832F00)
    (fp_text reference C17 (at 1.778 0.127 -180) (layer F.SilkS)
      (effects (font (size 0.77216 0.77216) (thickness 0.138988)) (justify right top))
    )
    (fp_text value .1u (at 1.778 0.762 -180) (layer F.Fab)
      (effects (font (size 0.77216 0.77216) (thickness 0.077216)) (justify right top))
    )
    (fp_line (start 0 -0.4) (end 0 0.4) (layer F.SilkS) (width 0.3048))
    (fp_poly (pts (xy -0.1999 0.3) (xy 0.1999 0.3) (xy 0.1999 -0.3) (xy -0.1999 -0.3)) (layer F.Adhes) (width 0))
    (fp_poly (pts (xy 0.3302 0.4699) (xy 0.8303 0.4699) (xy 0.8303 -0.4801) (xy 0.3302 -0.4801)) (layer F.Fab) (width 0))
    (fp_poly (pts (xy -0.8382 0.4699) (xy -0.3381 0.4699) (xy -0.3381 -0.4801) (xy -0.8382 -0.4801)) (layer F.Fab) (width 0))
    (fp_line (start -0.356 0.419) (end 0.356 0.419) (layer F.Fab) (width 0.1016))
    (fp_line (start -0.356 -0.432) (end 0.356 -0.432) (layer F.Fab) (width 0.1016))
    (fp_line (start -1.473 0.729) (end -1.473 -0.729) (layer Dwgs.User) (width 0.0508))
    (fp_line (start 1.473 0.729) (end -1.473 0.729) (layer Dwgs.User) (width 0.0508))
    (fp_line (start 1.473 -0.729) (end 1.473 0.729) (layer Dwgs.User) (width 0.0508))
    (fp_line (start -1.473 -0.729) (end 1.473 -0.729) (layer Dwgs.User) (width 0.0508))
    (pad 2 smd rect (at 0.85 0) (size 1.075 1) (layers F.Cu F.Paste F.Mask)
      (net 12 3.3V) (solder_mask_margin 0.0508))
    (pad 1 smd rect (at -0.85 0) (size 1.075 1) (layers F.Cu F.Paste F.Mask)
      (net 8 GND) (solder_mask_margin 0.0508))
  )

  (module qa:0805-NO (layer F.Cu) (tedit 0) (tstamp 5D5D7427)
    (at 166.780262 56.640911)
    (path /99AB53A7A26BC62E)
    (fp_text reference C18 (at 2.032 0.127) (layer F.SilkS)
      (effects (font (size 0.77216 0.77216) (thickness 0.138988)) (justify left bottom))
    )
    (fp_text value 10uF (at 2.032 0.762) (layer F.Fab)
      (effects (font (size 0.77216 0.77216) (thickness 0.077216)) (justify left bottom))
    )
    (fp_line (start 0 -0.508) (end 0 0.508) (layer F.SilkS) (width 0.3048))
    (fp_poly (pts (xy 0.3556 0.7239) (xy 1.1057 0.7239) (xy 1.1057 -0.7262) (xy 0.3556 -0.7262)) (layer F.Fab) (width 0))
    (fp_poly (pts (xy -1.0922 0.7239) (xy -0.3421 0.7239) (xy -0.3421 -0.7262) (xy -1.0922 -0.7262)) (layer F.Fab) (width 0))
    (fp_line (start -0.356 0.66) (end 0.381 0.66) (layer F.Fab) (width 0.1016))
    (fp_line (start -0.381 -0.66) (end 0.381 -0.66) (layer F.Fab) (width 0.1016))
    (pad 2 smd rect (at 0.95 0) (size 1.24 1.5) (layers F.Cu F.Paste F.Mask)
      (net 8 GND) (solder_mask_margin 0.0508))
    (pad 1 smd rect (at -0.95 0) (size 1.24 1.5) (layers F.Cu F.Paste F.Mask)
      (net 12 3.3V) (solder_mask_margin 0.0508))
  )

  (module qa:0805-NO (layer F.Cu) (tedit 0) (tstamp 5D5D7432)
    (at 97.19406 112.430066)
    (path /635FB157AD5546C4)
    (fp_text reference C19 (at 2.032 0.127) (layer F.SilkS)
      (effects (font (size 0.77216 0.77216) (thickness 0.138988)) (justify left bottom))
    )
    (fp_text value 10uF (at 2.032 0.762) (layer F.Fab)
      (effects (font (size 0.77216 0.77216) (thickness 0.077216)) (justify left bottom))
    )
    (fp_line (start -0.381 -0.66) (end 0.381 -0.66) (layer F.Fab) (width 0.1016))
    (fp_line (start -0.356 0.66) (end 0.381 0.66) (layer F.Fab) (width 0.1016))
    (fp_poly (pts (xy -1.0922 0.7239) (xy -0.3421 0.7239) (xy -0.3421 -0.7262) (xy -1.0922 -0.7262)) (layer F.Fab) (width 0))
    (fp_poly (pts (xy 0.3556 0.7239) (xy 1.1057 0.7239) (xy 1.1057 -0.7262) (xy 0.3556 -0.7262)) (layer F.Fab) (width 0))
    (fp_line (start 0 -0.508) (end 0 0.508) (layer F.SilkS) (width 0.3048))
    (pad 1 smd rect (at -0.95 0) (size 1.24 1.5) (layers F.Cu F.Paste F.Mask)
      (net 12 3.3V) (solder_mask_margin 0.0508))
    (pad 2 smd rect (at 0.95 0) (size 1.24 1.5) (layers F.Cu F.Paste F.Mask)
      (net 8 GND) (solder_mask_margin 0.0508))
  )

  (module qa:0805-NO (layer F.Cu) (tedit 0) (tstamp 5D5D743D)
    (at 91.054101 111.190307)
    (path /65F79DCDEDA6B4AC)
    (fp_text reference C20 (at 2.032 0.127) (layer F.SilkS)
      (effects (font (size 0.77216 0.77216) (thickness 0.138988)) (justify left bottom))
    )
    (fp_text value 10uF (at 2.032 0.762) (layer F.Fab)
      (effects (font (size 0.77216 0.77216) (thickness 0.077216)) (justify left bottom))
    )
    (fp_line (start -0.381 -0.66) (end 0.381 -0.66) (layer F.Fab) (width 0.1016))
    (fp_line (start -0.356 0.66) (end 0.381 0.66) (layer F.Fab) (width 0.1016))
    (fp_poly (pts (xy -1.0922 0.7239) (xy -0.3421 0.7239) (xy -0.3421 -0.7262) (xy -1.0922 -0.7262)) (layer F.Fab) (width 0))
    (fp_poly (pts (xy 0.3556 0.7239) (xy 1.1057 0.7239) (xy 1.1057 -0.7262) (xy 0.3556 -0.7262)) (layer F.Fab) (width 0))
    (fp_line (start 0 -0.508) (end 0 0.508) (layer F.SilkS) (width 0.3048))
    (pad 1 smd rect (at -0.95 0) (size 1.24 1.5) (layers F.Cu F.Paste F.Mask)
      (net 12 3.3V) (solder_mask_margin 0.0508))
    (pad 2 smd rect (at 0.95 0) (size 1.24 1.5) (layers F.Cu F.Paste F.Mask)
      (net 8 GND) (solder_mask_margin 0.0508))
  )

  (module qa:SOD-123 (layer F.Cu) (tedit 0) (tstamp 5D5D744E)
    (at 74.680877 61.599947)
    (descr "<b>SOD-123</b>\n<p>Source: http://www.diodes.com/datasheets/ds30139.pdf</p>")
    (path /984FE8347B86CF2C)
    (fp_text reference D1 (at -1.27 -1.016) (layer F.SilkS) hide
      (effects (font (size 0.77216 0.77216) (thickness 0.146304)) (justify right top))
    )
    (fp_text value MBR120 (at -1.27 1.778 -180) (layer F.Fab)
      (effects (font (size 0.77216 0.77216) (thickness 0.115824)) (justify right top))
    )
    (fp_line (start -0.873 -0.7) (end 0.873 -0.7) (layer F.SilkS) (width 0.2032))
    (fp_line (start 0.873 -0.7) (end 0.873 0.7) (layer F.Fab) (width 0.2032))
    (fp_line (start 0.873 0.7) (end -0.873 0.7) (layer F.SilkS) (width 0.2032))
    (fp_line (start -0.873 0.7) (end -0.873 -0.7) (layer F.Fab) (width 0.2032))
    (fp_line (start -0.3 0) (end 0.3 -0.4) (layer F.SilkS) (width 0.2032))
    (fp_line (start 0.3 -0.4) (end 0.3 0.4) (layer F.SilkS) (width 0.2032))
    (fp_line (start 0.3 0.4) (end -0.3 0) (layer F.SilkS) (width 0.2032))
    (fp_poly (pts (xy -1.723 0.45) (xy -0.973 0.45) (xy -0.973 -0.4) (xy -1.723 -0.4)) (layer F.Fab) (width 0))
    (fp_poly (pts (xy 0.973 0.45) (xy 1.723 0.45) (xy 1.723 -0.4) (xy 0.973 -0.4)) (layer F.Fab) (width 0))
    (fp_poly (pts (xy -0.5 0.5) (xy -0.3 0.5) (xy -0.3 -0.5) (xy -0.5 -0.5)) (layer F.SilkS) (width 0))
    (fp_poly (pts (xy -0.1 0) (xy 0.2 -0.2) (xy 0.2 0.2)) (layer F.SilkS) (width 0))
    (pad C smd rect (at -1.85 0 90) (size 1.4 1.4) (layers F.Cu F.Paste F.Mask)
      (net 16 "Net-(D1-PadC)") (solder_mask_margin 0.0508))
    (pad A smd rect (at 1.85 0 90) (size 1.4 1.4) (layers F.Cu F.Paste F.Mask)
      (net 17 "Net-(D1-PadA)") (solder_mask_margin 0.0508))
  )

  (module qa:SOIC8 (layer F.Cu) (tedit 0) (tstamp 5D5D7467)
    (at 170.873568 41.763803)
    (descr "SOIC 8-Lead")
    (path /C805CA8C85252A63)
    (fp_text reference ECC1 (at -1.27 0 -180) (layer F.SilkS)
      (effects (font (size 0.38608 0.38608) (thickness 0.030886)) (justify right top))
    )
    (fp_text value ATECC108 (at -1.27 0.635 -270) (layer F.Fab)
      (effects (font (size 0.77216 0.77216) (thickness 0.061772)) (justify left bottom))
    )
    (fp_line (start -2.362 1.803) (end 2.362 1.803) (layer F.Fab) (width 0.1524))
    (fp_line (start 2.362 1.803) (end 2.362 -1.803) (layer F.SilkS) (width 0.1524))
    (fp_line (start 2.362 -1.803) (end -2.362 -1.803) (layer F.Fab) (width 0.1524))
    (fp_line (start -2.362 -1.803) (end -2.362 1.803) (layer F.SilkS) (width 0.1524))
    (fp_circle (center -1.8034 0.9906) (end -1.6598 0.9906) (layer F.SilkS) (width 0.2032))
    (fp_poly (pts (xy -2.0828 2.8702) (xy -1.7272 2.8702) (xy -1.7272 1.8542) (xy -2.0828 1.8542)) (layer F.Fab) (width 0))
